public class TestMatrices 
{
	// Test 1
	public static double[][] test1 = {{2.8147, 0.5164},
	                                  {0.5164, 2.9134}};
	public static double[][] test1B = {{2},{4}};
	// Test 2
	public static double[][] test2 = {{3.6324,   0.3222,    0.2181},
	                                 {0.3222,    3.9575,    0.9677},
	                                 {0.2181,    0.9677,    3.9572}};
	public static double[][] test2B = {{3, 4},{2, 5},{6, 8}};
	//Test 3
	public static double[][] test3 = {{4.4854,    0.8580,    0.0888,    0.5898},
	    							  {0.8580,    4.7922,    0.9043,    0.6994},
	    							  {0.0888,    0.9043,    4.9340,    0.5355},
	    							  {0.5898,    0.6994,    0.5355,    4.6555}};
	public static double[][] test3B = {{3, 4, 3},{2, 5, 7},{6, 8, 5}, {20,5, 1}};
	//Test 4
	public static double[][] test4 = {{6.1712,    0.7648,    0.2067,    0.4616,    0.1044,    0.1605},
									  {0.7648,    6.6948,    0.5413,    0.8298,    0.0767,    0.5950},
									  {0.2067,    0.5413,    6.7952,    0.4708,    0.4941,    0.3503},
									  {0.4616,    0.8298,    0.4708,    6.2760,    0.8197,    0.5805},
									  {0.1044,    0.0767,    0.4941,    0.8197,    6.3404,    0.6422},
									  {0.1605,    0.5950,    0.3503,    0.5805,    0.6422,    6.8909}};
	public static double[][] test4B = {{2},{5},{4},{9},{22},{12}};   
	//Test 5
	public static double[][] test5 = {{10.9593,    0.4486,    0.2122,    0.1396,   0.4297,    0.8333,    0.5615,    0.4752,    0.1597,    0.7093},
									  {0.4486,   10.1966,    0.5041,    0.5924,    0.3681,    0.4450,    0.4576,    0.7273,    0.3948,    0.6275},
									  {0.2122,    0.5041,   10.7537,    0.4249,    0.6110,    0.5360,    0.2269,    0.5553,    0.4512,    0.9170},
									  {0.1396,    0.5924,    0.4249,   10.0119,    0.5132,    0.1202,    0.5271,    0.4305,    0.3562,    0.2674},
									  {0.4297,    0.3681,    0.6110,    0.5132,    10.7482,   0.4466,    0.4419,    0.1870,    0.5766,    0.1318},
									  {0.8333,    0.4450,    0.5360,    0.1202,    0.4466,    10.1067,   0.6967,    0.4288,    0.5961,    0.7988},
									  {0.5615,    0.4576,    0.2269,    0.5271,    0.4419,    0.6967,    10.9106,   0.4020,    0.1567,    0.2676},
									  {0.4752,    0.7273,    0.5553,    0.4305,    0.1870,    0.4288,    0.4020,    10.3510,   0.7080,    0.3217},
									  {0.1597,    0.3948,    0.4512,    0.3562,    0.5766,    0.5961,    0.1567,    0.7080,   10.9448,    0.4474},
									  {0.7093,    0.6275,    0.9170,    0.2674,    0.1318,    0.7988,    0.2676,    0.3217,    0.4474,   10.0965}};
	public static double[][] test5B = {{4},{25},{12},{3},{16},{7},{8},{32},{0},{2.34}};
	//Test 6 
	public static double[][] testManualMatA = {{25, 15, -5},
		                                      {15, 18,  0},
		                                      {-5, 0,  11}};
	public static double[][] testManualMatB = {{368.5},{223.2},{-131.5}};
}